x_mean = [218.66783307660253, 13.430684885104489]
x_std = [39.961656212791674, 1.128417166236356]
W = [array([[0.03088487, 1.51361386, 5.05669855, 3.44210308, 1.73654229],
       [0.24599984, 3.10911854, 1.96550684, 1.24391556, 3.39980418]]), array([[ 0.13177485,  0.10928078,  0.0385359 ,  0.02016007, -0.0695404 ],
       [ 1.48362791,  1.31942685, -0.29343774,  0.77469725, -0.85719856],
       [ 3.1301997 ,  2.90222188, -0.61784882,  1.8480909 , -1.68205617],
       [-2.76335931, -3.14620926,  0.79051078, -2.5157663 ,  1.45394524],
       [ 1.71625585,  1.43188716, -0.2989289 ,  0.82210214, -0.91836051]]), array([[-5.07159085],
       [-5.0482722 ],
       [ 1.57944752],
       [-3.47193722],
       [ 3.06143582]])]
b = [array([[-1.47499224, -1.19462466, -0.81013898,  4.01024386, -1.08731986]]), array([[0.29137748, 0.71754981, 0.74743213, 0.57198061, 0.38284831]]), array([[1.00766802]])]
